60 60
30 30
100
28 34
26 7
30 36
4 25
27 26
15 8
12 21
31 22
39 37
9 41
16 13
44 10
31 8
10 16
22 3
8 52
44 44
17 25
41 9
41 33
16 49
29 22
29 29
25 27
53 43
53 49
22 14
36 18
49 59
45 43
13 25
12 23
15 20
53 44
26 33
18 34
27 9
36 42
43 18
11 56
54 8
22 46
55 27
35 54
28 51
29 39
45 59
36 52
44 29
24 55
54 20
58 39
35 57
20 25
3 54
24 38
44 6
37 44
44 8
16 52
4 4
46 22
48 53
6 31
46 36
47 43
48 52
49 13
36 24
30 49
35 30
8 6
48 24
17 54
47 10
52 46
49 59
21 10
14 55
7 22
49 42
31 5
27 22
36 52
19 27
13 7
39 31
30 26
7 47
4 55
44 41
15 36
43 31
33 52
47 23
44 36
34 4
17 45
21 24
46 14
