60 60
30 30
90
31 5
13 7
22 3
29 22
30 36
18 34
49 13
44 36
15 8
35 30
53 43
17 25
48 24
44 36
27 9
46 22
49 13
31 8
47 23
53 43
54 20
49 42
49 13
44 29
54 8
10 16
53 43
36 24
54 8
10 16
52 46
39 37
27 22
36 52
8 52
8 6
54 8
10 16
39 37
49 42
47 10
53 49
49 59
48 53
4 25
49 59
30 26
8 6
27 22
44 10
21 10
48 24
4 4
49 42
29 22
21 10
28 34
53 44
36 52
24 55
36 42
27 9
29 22
29 29
36 24
44 8
53 44
29 29
22 14
45 43
49 13
35 30
44 10
18 34
44 10
36 52
53 49
18 34
36 42
53 49
36 42
24 55
10 16
22 46
53 44
36 52
45 43
53 44
4 25
43 18
